97 127  110 138 9 4
137 127 150 138 9 4
177 127 190 138 9 2
293 127 306 138 9 4
333 127 346 138 9 4
373 127 386 138 9 2
488 127 501 137 9 4
528 118 541 129 11 4
568 137 581 149 7 4
609 132 622 145 8 4
680 127 697 137 9 1
680 137 697 147 7 1
680 150 697 159 4 1

65 239 77 250 10 4
106 239 118 250 10 4
149 239 162 250 10 4
191 239 204 250 10 4
267 239 280 250 10 4
309 242 322 255 9 4
353 242 365 255 9 4
394 242 407 255 9 4
469 242 482 255 9 4
512 248 525 259 8 4
554 248 567 259 8 4
598 242 610 255 9 4
672 248 685 259 8 2
757 233 770 244 11 2
757 257 770 267 6 2
757 267 770 278 4 2

63 357 78 371 9 4
105 357 120 371 9 4
148 357 163 371 9 2
266 357 281 371 9 4
308 357 323 371 9 4
351 357 366 371 9 2
468 357 483 371 9 4
511 348 526 362 11 4
553 367 568 381 7 4
596 362 611 376 8 4
670 357 688 368 9 1
670 368 688 380 7 1
670 381 688 392 4 1

62 469 77 483 10 4
105 469 120 483 10 4
148 469 163 483 10 4
190 469 205 483 10 4
266 469 281 483 10 4
309 473 324 487 9 4
352 473 367 487 9 4
393 473 408 487 9 4
468 464 483 478 11 4
511 464 526 478 11 4
553 468 568 482 10 4
596 478 611 492 8 4
670 482 686 496 7 2 
755 474 771 484 9 2
755 484 771 496 7 2
755 497 771 510 4 2
